182
85
89
84
167
177
160
130
212
127
80
21
211
230
213
207
144
6
72
54
74
32
210
89
26
93
27
68
244
174
102
27
191
202
110
107
239
113
249
161
80
66
68
126
251
139
69
130
42
94
200
129
77
195
60
48
236
190
134
171
33
214
68
250
139
208
154
12
141
195
236
240
114
101
62
23
117
34
121
90
245
143
234
14
150
155
101
26
214
183
83
232
4
209
245
73
207
183
15
206
154
253
23
95
12
110
27
0
223
51
140
132
89
13
139
142
231
174
243
245
175
74
250
234
0
39
231
141
169
29
255
210
113
78
23
108
215
110
25
99
15
157
73
183
115
142
3
48
140
72
255
37
164
176
46
212
51
8
189
170
212
156
97
85
250
190
51
248
155
101
185
251
190
226
111
189
109
239
66
155
79
178
91
212
224
231
153
131
72
175
249
100
207
12
124
39
229
110
216
95
173
220
145
73
94
177
19
89
33
41
20
158
5
86
123
67
160
165
185
108
212
242
73
251
164
45
169
8
85
62
176
43
49
187
149
138
66
228
120
99
48
60
125
30
66
20
239
73
92
215
137
12
158
246
1
115
108
89
173
65
3
171
99
66
51
146
199
115
191
89
190
158
187
217
239
75
105
153
33
197
179
106
33
86
159
184
185
250
114
100
173
38
70
241
87
193
109
47
57
176
225
64
101
232
66
43
187
216
78
95
1
136
27
49
58
232
115
43
49
82
81
19
155
187
77
21
180
145
221
50
159
224
111
103
85
101
102
81
218
192
40
55
37
219
79
198
249
43
121
233
189
51
12
29
176
122
43
43
53
228
177
39
236
253
12
228
113
249
30
75
178
18
206
97
27
206
66
173
226
160
121
25
45
176
186
204
204
249
158
14
112
36
110
76
13
239
77
135
123
88
225
196
39
189
75
75
18
221
85
195
55
92
151
204
100
79
116
135
96
78
160
110
58
17
166
5
52
234
31
111
141
48
181
38
25
144
167
84
185
64
172
92
221
200
226
194
105
120
178
154
101
81
215
139
59
16
227
242
60
32
0
53
251
196
95
87
244
16
199
71
108
240
146
138
177
35
87
144
249
165
42
135
227
253
76
74
194
44
14
131
226
233
100
40
235
101
141
195
203
162
51
99
196
144
226
100
52
174
74
48
133
42
191
35
99
212
124
181
209
179
125
219
66
131
203
9
62
173
187
153
192
179
60
116
85
81
190
205
119
53
176
240
50
109
58
131
129
117
192
60
93
83
95
12
195
62
252
51
255
43
102
42
221
74
54
242
191
162
186
141
56
53
72
138
50
109
9
49
62
16
72
196
180
98
91
178
241
43
108
202
114
201
15
71
149
77
47
166
17
250
171
101
197
209
102
12
153
170
175
216
160
193
3
49
136
10
77
215
138
160
31
178
224
39
125
62
166
92
102
201
133
156
139
229
172
82
137
106
139
251
106
179
173
134
133
212
170
151
208
6
31
202
0
73
207
110
231
217
53
94
179
221
34
89
231
113
69
115
188
90
201
200
251
216
200
21
44
153
111
9
51
42
254
148
125
41
219
154
18
28
61
118
20
177
223
87
148
76
141
177
26
131
100
236
197
91
252
218
171
91
140
8
69
34
159
184
162
143
46
96
169
159
213
126
216
133
112
71
78
162
92
244
208
221
161
112
194
244
237
117
75
13
51
179
48
169
97
52
207
166
89
139
58
179
17
242
211
37
89
64
192
213
95
116
143
101
135
190
207
110
130
23
185
90
157
18
231
172
253
89
231
237
158
116
165
165
108
245
248
82
90
246
39
82
75
58
144
37
26
181
98
111
172
112
167
161
250
45
44
222
41
93
8
237
148
128
35
225
75
151
70
210
164
153
14
80
123
201
212
149
160
57
7
230
218
96
210
144
213
227
110
34
118
127
64
140
45
176
112
182
156
85
230
134
207
101
81
82
229
165
235
139
61
75
253
42
44
223
99
30
125
112
218
235
241
171
95
189
31
34
229
147
145
106
99
115
217
68
17
66
158
130
46
117
201
1
250
215
142
21
147
245
11
58
92
234
39
56
128
251
135
249
165
163
177
216
12
157
76
240
98
25
71
238
79
196
44
210
246
82
220
252
143
132
32
29
36
46
10
88
192
152
0
87
30
97
87
194
216
102
210
68
196
48
103
171
155
54
50
187
242
93
137
157
101
217
222
238
157
218
40
170
63
237
102
254
191
141
252
92
134
41
45
59
74
111
206
118
134
17
152
99
207
134
131
166
31
114
53
19
90
48
100
229
231
1
104
31
138
102
251
122
122
30
158
51
142
220
18
244
179
80
150
195
120
8
126
65
167
114
72
58
84
31
231
234
24
49
234
207
49
162
53
251
186
144
35
245
25
20
156
64
68
100
131
37
140
74
59
249
246
63
219
169
127
119
40
164
159
230
32
66
255
31
226
61
141
128
16
57
65
208
89
131
206
78
10
41
191
143
127
213
112
115
163
138
215
128
57
43
252
26
151
172
237
70
161
96
177
144
238
255
134
54
203
178
206
236
224
163
93
101
174
249
32
36
199
31
122
84
203
150
241
12
137
30
100
135
5
236
37
95
142
254
165
57
56
127
34
52
51
70
245
194
249
217
67
201
238
217
220
56
223
47
63
110
175
169
3
99
61
33
186
148
69
50
50
125
204
205
241
45
2
162
228
115
195
155
83
238
23
119
5
81
191
178
158
231
150
46
90
70
114
41
192
39
86
54
187
201
192
91
214
164
54
134
43
184
188
140
174
53
202
144
223
44
252
156
190
173
219
18
35
217
212
215
76
50
22
138
115
225
57
210
158
173
12
245
178
91
167
15
178
49
168
207
72
116
175
195
159
228
20
200
227
72
34
179
128
198
180
174
238
205
221
141
27
178
42
16
167
9
61
89
251
236
195
234
133
114
248
54
117
173
48
12
45
144
54
35
162
169
83
49
90
97
41
170
192
58
111
48
174
55
76
215
80
81
247
126
70
31
163
90
114
201
178
169
127
80
159
55
254
137
49
182
231
86
63
1
206
84
170
45
121
62
120
102
3
211
238
209
148
16
149
201
240
110
150
35
222
103
231
51
222
25
218
239
230
54
76
219
110
7
44
223
201
230
169
130
39
104
53
147
112
14
54
66
60
169
226
112
243
106
32
136
202
163
6
28
140
136
58
136
219
136
228
4
205
41
78
196
211
171
130
244
184
26
221
230
76
193
141
102
117
163
73
238
234
37
174
244
34
221
211
207
9
134
169
181
35
204
93
198
4
151
132
77
170
216
214
163
116
158
231
95
186
76
179
213
152
217
49
131
141
189
61
87
217
66
44
72
72
237
235
128
249
38
218
67
209
167
121
126
58
240
4
233
114
88
149
24
147
109
131
172
191
202
198
210
13
72
33
252
78
202
98
214
41
46
170
4
227
10
152
4
96
107
138
115
17
33
129
210
175
59
85
123
72
119
189
121
18
77
127
18
85
70
70
149
184
226
94
95
30
56
0
186
140
68
12
120
196
73
116
243
187
83
68
214
180
92
187
229
213
76
95
59
2
66
174
148
184
182
17
236
230
56
111
184
52
119
229
69
222
138
173
77
31
172
218
53
182
108
125
218
239
150
132
49
211
241
95
171
7
184
74
165
24
224
208
253
4
241
189
150
125
204
118
135
171
222
178
35
142
209
204
139
101
14
178
114
169
12
1
68
200
20
18
47
68
194
242
18
154
79
86
39
42
232
167
46
54
78
38
17
76
195
170
166
166
133
167
97
195
170
80
222
5
123
31
146
245
163
85
27
49
122
118
134
223
160
80
196
52
163
241
235
62
212
9
204
150
101
171
143
186
193
156
135
135
202
158
178
195
17
84
112
76
45
147
231
194
140
41
107
74
57
190
136
200
194
45
47
83
163
236
94
73
160
12
218
208
131
84
156
187
8
153
227
231
243
151
144
118
215
102
216
24
74
141
152
50
10
120
13
108
68
156
224
163
214
88
69
165
2
70
68
46
191
116
41
103
187
64
254
151
180
95
255
236
78
230
34
32
194
196
153
139
76
234
2
180
21
23
57
199
100
204
5
233
179
35
36
117
12
124
154
122
139
3
171
228
40
90
168
188
73
254
169
227
108
31
190
77
131
93
7
6
180
6
253
78
202
207
105
25
230
62
50
213
168
130
237
227
199
19
49
174
230
116
122
105
26
87
249
145
112
163
13
250
34
81
208
222
54
38
34
188
15
65
121
213
7
239
159
19
250
63
181
193
205
83
203
102
155
102
80
243
24
147
120
38
235
251
249
186
125
6
93
246
65
239
210
241
215
214
82
179
107
87
80
130
157
195
18
176
136
34
166
46
131
17
244
123
174
231
135
83
53
139
111
153
198
160
120
3
26
74
235
22
198
4
166
25
144
30
33
21
132
145
18
252
202
79
255
111
182
237
94
203
29
232
152
201
118
248
244
122
60
183
149
235
150
220
199
236
91
18
64
107
6
62
97
153
172
157
250
76
111
190
255
58
65
216
111
220
246
21
34
102
177
47
137
255
173
144
38
104
246
8
158
145
170
55
184
0
38
158
203
20
211
213
247
251
105
119
130
114
39
75
232
106
85
121
228
207
1
221
137
212
255
210
36
52
78
219
221
15
185
159
65
87
9
127
232
255
232
203
80
105
152
189
115
174
159
150
206
22
109
124
162
94
244
116
177
152
233
154
192
71
207
252
29
153
205
169
10
134
92
57
27
207
185
177
195
80
2
195
38
82
12
227
182
232
89
9
186
139
88
152
154
84
118
211
124
169
40
47
59
164
182
101
107
91
187
188
105
101
149
166
108
232
24
123
247
131
165
125
126
237
46
48
172
72
172
33
116
131
202
20
172
145
87
16
50
96
197
198
69
243
171
9
155
236
171
183
118
80
165
167
214
196
59
10
4
71
55
66
41
108
41
38
72
66
31
4
115
202
244
30
200
97
83
22
123
70
9
200
93
134
194
112
48
216
166
250
218
84
152
71
29
7
64
204
181
73
128
21
211
227
179
173
107
249
233
173
66
111
155
71
253
162
72
91
201
179
67
84
114
156
229
150
196
37
28
58
252
226
239
238
120
42
227
209
45
233
150
171
58
56
245
156
48
166
1
176
50
32
142
94
106
71
179
206
162
205
91
153
190
130
198
141
190
247
54
71
199
231
150
49
228
53
27
188
211
80
152
206
19
51
26
69
149
136
118
192
24
165
188
2
187
62
170
12
5
217
216
212
135
25
47
1
245
51
25
189
89
42
49
87
191
32
81
21
187
156
234
218
103
99
8
198
49
187
6
185
211
238
226
122
66
107
248
155
14
62
87
132
54
151
75
14
129
193
219
92
56
78
74
146
81
220
220
19
33
50
198
250
152
213
111
7
239
180
163
151
137
207
102
65
82
2
173
59
239
26
10
160
248
177
47
24
104
47
159
185
160
143
125
22
129
231
29
161
149
0
72
141
247
74
22
113
58
228
80
102
249
105
226
236
203
50
224
118
191
37
6
128
81
90
150
190
52
168
106
203
157
3
28
31
187
210
32
177
253
148
63
77
192
134
106
161
135
34
181
97
206
22
153
227
80
236
235
208
175
35
80
80
18
10
158
176
7
160
20
177
223
53
131
249
7
42
49
126
147
208
208
147
212
55
219
134
54
6
57
216
91
221
74
208
143
37
88
204
246
187
114
182
183
5
156
100
19
190
223
74
5
66
246
98
222
156
185
245
46
67
39
160
233
123
12
212
74
20
72
163
146
192
140
250
103
176
141
75
40
209
118
190
233
58
19
14
192
40
239
156
132
168
94
36
2
108
161
143
167
194
59
34
131
18
47
6
126
219
123
83
82
144
45
49
233
95
172
246
120
255
29
156
198
79
123
72
2
90
171
17
89
11
115
223
178
64
97
112
160
180
134
104
165
19
133
161
47
121
204
145
145
44
139
120
162
49
82
25
136
180
70
89
67
90
244
45
62
5
134
156
249
43
134
187
232
184
8
251
128
209
179
109
228
69
10
251
220
196
101
163
127
167
157
252
29
130
20
8
83
235
44
196
99
252
11
133
190
70
197
153
108
211
113
54
109
188
48
32
76
127
69
9
4
106
93
252
210
152
13
180
176
74
160
148
84
0
250
221
172
12
144
197
17
243
65
248
118
88
24
238
181
99
180
53
190
12
199
23
130
79
28
118
178
86
20
150
46
187
224
182
192
1
111
192
212
179
243
49
170
127
90
0
57
39
200
175
142
122
61
127
181
83
42
227
203
84
44
254
214
122
122
193
171
172
190
234
229
67
16
144
86
151
237
161
253
51
167
147
9
51
48
167
90
107
147
237
74
251
189
238
95
62
236
28
124
22
74
93
246
111
158
97
51
2
160
79
241
140
227
155
253
4
187
79
212
79
249
137
97
147
132
72
26
149
17
11
118
161
235
244
94
96
69
225
67
18
50
237
144
137
16
66
138
116
172
86
252
247
4
20
243
29
154
10
83
188
5
28
237
188
118
112
110
211
76
20
45
185
205
70
206
194
128
155
238
79
105
110
204
48
250
81
160
203
2
106
109
41
217
38
94
103
58
199
112
250
222
164
118
205
63
84
252
238
37
136
7
84
36
4
8
253
212
172
25
168
153
192
14
19
188
215
43
81
221
187
146
3
234
197
5
159
14
151
112
119
42
97
237
22
107
254
232
85
63
145
95
22
230
0
94
238
107
221
68
0
126
120
202
40
219
220
32
89
110
27
43
108
149
16
235
130
24
73
113
87
156
24
84
15
80
179
212
250
171
26
89
134
132
33
244
157
239
63
86
240
26
221
70
83
46
34
166
220
19
207
243
1
19
171
36
26
105
39
217
227
62
99
112
184
98
49
181
173
119
31
21
68
77
177
228
101
223
8
153
128
182
95
107
150
226
194
184
184
114
35
57
103
155
210
240
18
179
188
182
5
132
231
151
36
87
110
75
22
49
12
30
120
99
91
218
69
135
13
7
107
195
74
37
253
173
67
251
184
89
231
24
254
169
108
19
165
90
254
172
9
129
26
49
223
20
17
95
175
124
115
76
13
159
148
179
171
149
159
241
141
202
14
202
233
109
89
177
109
210
109
121
232
230
163
79
242
168
249
163
79
8
206
101
60
188
114
173
215
244
9
182
163
146
154
200
173
196
1
105
67
114
177
151
45
10
171
220
30
162
171
93
199
180
81
233
238
168
163
252
166
241
32
102
28
46
34
162
136
54
223
18
240
134
99
231
152
207
192
236
157
232
144
20
69
137
255
120
136
127
161
18
132
195
2
8
109
98
146
142
192
66
224
133
88
251
196
202
185
244
223
137
206
194
105
187
248
73
42
78
15
40
159
222
172
126
33
80
204
180
203
189
57
163
189
206
160
148
17
98
22
91
249
165
29
70
130
236
248
5
236
118
163
232
145
51
122
175
109
37
60
32
61
59
44
125
6
212
211
64
24
142
116
54
64
34
184
24
200
137
135
79
235
211
10
149
27
231
243
29
191
173
224
68
141
16
18
108
25
3
193
254
44
205
64
109
151
5
13
218
140
56
206
236
40
54
229
53
96
36
107
17
27
190
151
249
180
234
169
95
202
0
250
192
69
148
255
2
190
170
114
232
80
151
103
101
30
29
163
112
217
14
63
235
245
59
21
140
131
93
42
220
201
60
35
197
76
64
39
143
156
4
50
47
18
126
122
168
174
12
237
190
163
13
247
102
254
163
171
206
49
118
212
234
207
2
60
234
137
161
83
84
7
55
20
153
250
243
243
226
32
204
136
255
238
187
48
195
111
225
149
45
209
95
101
238
255
117
211
57
242
108
226
30
31
243
203
62
159
143
7
239
58
202
249
193
228
70
203
21
44
31
121
141
155
169
240
180
87
150
197
61
207
133
57
209
86
166
232
112
165
212
170
195
174
1
31
6
117
124
191
59
255
233
11
63
216
227
214
71
130
60
153
11
197
0
196
101
223
15
125
30
214
163
130
56
146
127
234
83
253
63
35
3
169
146
242
155
131
155
167
244
14
102
253
147
46
58
223
155
97
9
112
255
5
1
97
15
246
188
127
29
6
99
191
194
9
10
138
24
154
5
187
49
160
115
127
101
38
23
64
182
112
89
9
211
29
132
165
143
13
227
13
220
69
76
224
95
188
151
248
77
142
243
151
164
107
216
155
237
144
179
2
6
17
114
84
121
236
49
167
181
181
99
231
235
222
121
70
21
63
216
111
54
205
61
240
130
153
22
107
43
149
64
173
64
56
20
187
82
51
164
150
229
133
157
14
150
190
173
155
22
198
157
86
23
127
152
8
95
149
253
11
22
79
181
161
164
29
220
219
115
174
178
172
13
46
27
66
62
108
57
133
64
208
30
182
167
220
1
226
207
88
12
254
139
120
2
97
143
158
142
114
145
145
94
252
218
231
43
23
83
245
110
232
147
140
66
197
84
238
149
184
49
92
163
74
57
54
22
114
39
161
93
136
115
81
42
134
165
70
216
54
165
225
246
170
75
153
217
28
35
109
200
238
235
135
195
111
25
135
197
188
80
235
208
94
202
194
105
65
85
162
22
190
108
82
217
131
233
95
121
224
76
87
129
51
208
154
21
33
191
94
4
122
187
32
91
150
171
19
221
47
53
19
88
200
197
242
232
7
42
172
12
209
11
99
239
252
246
69
249
139
247
243
187
79
82
159
237
68
120
160
166
10
164
149
103
250
95
130
45
144
95
255
110
236
146
19
182
123
118
31
103
180
93
25
182
37
166
106
158
183
156
203
26
141
147
176
171
39
238
225
223
95
121
41
154
138
231
107
103
149
199
110
127
167
118
217
158
163
11
4
128
146
163
77
181
191
57
109
234
242
221
73
245
89
167
2
39
58
52
113
158
211
7
235
171
22
154
123
26
63
91
226
208
0
202
174
16
219
118
82
58
179
74
125
250
167
198
70
41
179
14
81
77
7
212
209
28
197
148
0
185
41
210
246
156
3
140
172
152
72
52
181
198
121
140
132
93
52
239
87
221
99
217
73
246
60
16
202
85
25
10
194
190
44
236
135
65
106
29
11
236
75
249
220
32
231
103
211
21
48
162
94
7
113
118
60
158
254
209
29
222
157
186
100
176
144
207
159
95
25
181
34
25
63
121
78
167
52
85
102
201
30
253
76
10
106
29
77
157
153
168
86
68
47
84
197
235
106
124
200
183
150
101
188
69
24
184
156
164
178
222
106
240
185
179
94
109
182
15
210
31
103
165
17
201
98
210
156
110
46
184
247
2
210
61
165
222
25
169
231
29
148
74
17
59
101
95
176
99
154
218
155
102
137
18
15
117
42
158
209
16
38
145
249
189
98
232
203
135
160
246
150
235
50
1
165
155
20
100
45
46
201
86
131
187
110
63
205
228
137
145
135
157
90
91
62
215
9
47
47
152
251
27
148
121
228
18
63
186
44
139
66
41
68
124
246
132
50
45
182
64
207
28
213
13
231
116
171
106
146
78
123
89
248
149
201
244
101
63
86
106
204
229
54
139
254
136
36
206
220
218
99
246
194
39
92
244
71
20
63
227
118
218
117
180
78
47
52
178
37
160
113
64
43
64
65
33
107
77
132
56
195
80
192
140
23
159
127
151
226
138
157
12
3
62
35
71
184
17
87
82
115
165
25
220
15
116
202
97
43
248
145
69
70
82
97
231
150
164
156
50
243
50
47
154
116
105
72
16
51
112
42
175
131
42
225
254
115
48
181
189
228
56
136
56
94
98
87
71
217
100
90
203
46
126
217
81
216
16
90
98
237
12
139
214
201
218
25
221
18
111
190
225
176
41
21
83
198
201
42
232
228
52
136
44
63
2
94
45
220
163
79
204
157
113
77
63
213
61
52
37
231
251
112
107
151
218
245
8
103
2
150
21
246
68
225
126
110
24
132
22
221
226
85
30
221
128
130
19
100
56
53
91
219
254
158
234
194
74
176
79
234
106
15
151
193
90
60
35
85
219
207
254
82
138
242
20
78
99
46
178
12
254
75
209
54
54
0
0
139
197
118
194
16
76
42
20
186
45
20
41
162
175
228
15
3
102
106
173
238
169
235
93
68
129
53
221
175
200
22
135
144
146
82
82
247
198
44
151
83
207
117
32
162
197
232
55
165
8
12
150
207
125
249
166
241
37
33
254
176
56
142
15
226
246
48
60
90
58
89
4
102
160
150
18
41
160
136
157
250
231
27
210
39
87
156
70
220
81
51
14
20
147
0
80
180
165
53
11
66
245
119
73
170
47
114
215
129
67
228
126
88
72
164
33
155
157
109
119
14
148
6
2
128
104
78
106
78
75
1
217
177
41
115
159
94
10
161
11
1
110
201
205
239
31
47
159
60
144
164
106
109
225
223
235
197
104
37
2
60
251
204
204
19
25
212
77
1
114
133
31
115
110
19
206
199
135
80
62
55
245
195
234
119
0
120
14
185
93
121
55
123
145
67
238
50
146
48
144
49
161
145
132
180
127
193
45
70
212
16
97
30
120
22
213
214
226
32
234
46
1
44
14
229
144
36
179
0
48
25
48
42
46
116
230
240
198
221
127
161
83
97
180
244
36
186
229
251
249
119
46
70
214
133
138
29
151
154
1
190
200
27
180
116
6
188
172
90
171
103
68
210
222
116
43
41
119
185
110
59
115
46
115
13
7
204
56
145
226
158
255
90
72
165
249
33
15
77
26
184
49
49
196
160
68
116
29
202
161
46
227
201
19
28
188
240
137
252
25
182
117
149
200
26
181
113
135
5
49
239
158
18
210
185
66
8
76
2
25
81
219
111
83
231
125
4
150
219
209
90
157
128
205
150
206
202
71
139
33
56
66
119
62
190
14
10
168
99
190
226
57
119
226
146
85
101
124
146
226
140
23
95
217
148
158
158
13
14
28
190
1
47
49
25
251
39
51
82
56
77
65
165
236
19
21
215
55
74
172
37
9
218
45
73
146
1
217
55
119
193
238
227
80
153
78
239
196
183
242
72
51
153
206
240
199
193
60
34
113
168
54
187
30
234
229
183
50
97
94
223
142
207
33
171
254
251
110
137
239
169
99
52
72
254
86
143
237
123
24
212
235
62
95
124
208
151
143
124
127
101
173
71
64
236
169
65
215
78
75
2
188
222
223
140
91
107
129
179
180
174
101
138
53
209
19
217
41
239
225
61
187
32
115
51
104
5
177
215
154
22
134
239
207
177
39
12
64
219
18
153
98
200
77
40
8
191
26
56
124
41
149
32
155
177
79
51
111
10
202
190
86
64
108
149
115
225
30
92
8
11
146
205
143
129
198
85
189
177
18
225
218
88
115
181
223
59
110
186
217
181
37
128
168
107
162
65
187
229
7
186
155
10
45
206
33
73
217
230
114
134
27
218
145
225
73
204
104
173
231
223
242
207
217
180
200
71
246
138
171
116
81
105
15
145
21
223
205
229
188
148
202
148
33
83
27
57
135
87
125
145
148
75
1
165
225
46
205
200
41
143
16
27
149
136
194
237
246
180
228
78
31
92
243
139
247
85
79
172
45
113
33
126
4
120
255
207
211
237
209
223
61
182
13
175
188
233
74
119
129
23
207
107
158
231
247
72
114
141
88
173
5
14
25
254
219
41
164
168
105
64
22
54
44
209
148
70
153
55
85
184
179
214
32
229
130
78
62
112
176
232
120
187
248
36
20
132
21
199
161
41
252
252
183
29
93
75
173
1
14
83
175
122
41
75
40
120
222
20
31
215
251
87
109
13
62
33
83
115
107
28
41
166
164
242
139
129
165
128
249
92
205
134
166
113
164
18
91
252
183
6
36
163
69
66
52
87
61
207
36
17
154
66
28
70
83
23
120
11
192
43
166
120
241
235
243
55
215
89
168
254
225
202
182
78
126
199
68
213
3
147
46
246
27
48
81
248
179
43
221
21
54
168
131
224
183
22
116
218
72
116
178
18
207
73
152
177
156
133
223
236
46
245
35
105
45
16
255
110
41
23
205
71
68
112
153
254
109
1
44
230
110
216
49
190
43
8
36
212
156
31
239
205
64
242
114
171
203
202
53
151
169
64
39
211
148
189
32
138
174
227
145
199
148
111
176
116
134
145
112
166
42
125
23
145
112
121
221
241
248
215
22
191
34
226
252
250
154
121
216
201
144
182
16
110
14
209
113
157
42
53
212
30
7
117
166
202
210
139
14
228
181
153
143
51
138
206
194
72
207
208
41
111
135
124
165
96
245
26
142
202
141
21
175
27
82
100
62
160
193
185
104
44
91
181
170
12
162
230
177
221
118
50
58
234
33
72
179
159
19
92
26
73
207
192
218
204
52
119
168
196
61
163
21
252
83
202
173
254
30
137
70
215
98
225
83
176
30
148
41
5
205
82
88
158
254
107
143
133
133
247
130
28
234
24
108
28
2
245
43
134
131
247
34
39
100
224
35
219
78
61
110
48
219
120
255
218
122
217
232
32
147
9
189
27
102
136
206
168
235
66
41
164
144
78
181
22
167
8
209
250
8
195
2
143
118
11
208
202
60
22
83
85
65
76
240
143
187
19
227
71
48
44
17
83
172
152
170
37
132
170
241
162
136
9
254
74
251
236
37
224
231
68
243
209
169
6
126
58
88
81
245
158
54
227
234
15
162
125
19
179
38
133
168
105
35
243
156
165
108
171
39
208
121
51
67
192
8
209
214
91
180
67
152
146
122
22
154
213
166
147
168
119
167
27
227
223
87
9
224
90
197
14
180
228
69
71
117
162
15
161
205
158
237
96
254
115
199
54
157
29
142
27
244
72
252
200
72
151
229
103
169
191
85
94
101
55
90
87
77
73
214
56
216
51
218
191
98
154
91
131
197
76
147
69
190
214
161
27
95
41
206
40
91
172
55
43
244
223
13
243
22
24
177
4
94
200
241
161
52
1
7
30
103
221
194
225
201
29
250
202
171
67
5
69
251
153
108
174
205
213
251
2
229
185
57
189
88
150
15
181
129
51
46
107
182
223
52
157
196
237
244
22
56
75
198
199
199
120
121
131
107
98
173
106
151
153
115
3
205
139
115
191
230
106
181
112
80
61
243
154
230
120
234
219
130
55
232
2
244
111
61
139
30
68
14
167
59
219
24
42
186
103
16
140
195
103
103
73
160
4
31
104
15
156
0
166
165
113
2
216
252
174
16
70
109
29
112
202
9
9
9
131
220
140
149
239
111
58
105
245
159
154
33
17
177
11
210
181
108
82
120
255
132
34
159
32
89
61
248
153
102
120
129
196
234
191
23
2
227
250
108
138
214
163
166
74
203
124
241
198
237
41
209
76
2
47
92
133
99
195
98
34
64
197
114
34
77
166
37
192
93
54
35
66
58
237
190
226
241
221
144
214
183
244
94
91
122
197
208
175
222
31
201
235
109
108
152
23
214
63
51
102
37
39
226
4
194
175
235
135
132
94
117
94
255
160
241
218
50
246
162
179
102
169
214
71
13
86
12
181
183
35
172
179
184
69
128
247
120
67
220
223
156
181
148
101
34
67
164
148
129
161
39
98
154
77
249
112
46
195
141
100
245
114
130
221
232
88
103
3
237
57
35
62
65
21
202
9
110
73
151
61
183
125
55
46
117
29
90
157
93
185
96
89
16
59
122
207
167
161
150
34
91
16
239
25
190
240
108
84
245
254
160
133
28
28
131
168
172
122
229
75
127
16
252
156
184
169
177
133
67
206
207
102
170
34
254
67
2
179
182
227
235
88
12
179
2
17
225
80
135
134
197
126
51
61
218
23
34
24
91
124
35
58
100
96
242
177
87
1
173
224
251
249
186
254
57
136
198
34
255
111
103
195
225
57
7
222
71
37
103
240
181
18
59
145
139
235
81
177
167
64
67
96
252
77
170
240
105
186
53
129
183
28
115
7
183
254
120
164
30
85
150
97
63
148
143
220
74
253
45
135
59
194
3
148
48
204
210
145
66
242
97
80
211
161
68
210
115
10
10
219
245
81
233
102
247
231
118
206
117
2
102
1
129
235
180
105
218
112
228
190
14
172
35
103
26
164
167
245
192
232
137
232
159
202
247
11
97
32
181
1
80
210
108
153
2
27
128
173
6
211
67
35
217
18
79
93
167
68
146
168
20
122
85
135
88
80
106
4
34
41
47
10
10
190
201
175
81
244
54
233
221
18
122
128
73
54
67
202
199
158
26
181
81
9
8
206
35
213
87
24
45
161
137
76
24
97
194
131
16
64
215
10
139
162
243
67
255
118
184
139
190
96
118
208
50
77
79
175
192
220
48
152
117
66
116
237
43
222
83
5
120
190
218
116
215
9
8
29
37
57
200
61
86
221
109
125
104
39
156
213
240
40
205
61
19
95
138
222
179
81
104
4
214
84
150
246
230
143
223
147
126
86
218
235
134
26
131
77
236
160
23
25
31
163
133
125
115
156
92
142
26
101
133
165
98
198
171
158
144
167
104
236
75
214
25
202
136
199
163
37
95
93
231
15
179
180
203
16
119
91
154
86
146
235
9
73
195
240
116
251
184
224
112
41
197
225
102
106
81
217
179
101
125
211
228
144
58
117
126
195
121
240
244
233
162
245
122
168
17
200
180
240
83
48
55
34
108
167
26
170
187
207
43
168
26
18
49
63
157
184
234
247
134
11
99
69
151
61
167
100
181
169
47
135
219
205
125
186
232
233
175
199
80
74
172
86
5
39
10
64
213
143
221
170
51
60
70
26
206
181
248
174
230
107
255
178
54
180
219
159
216
224
97
111
107
227
11
196
159
90
242
158
169
130
114
91
40
109
194
103
12
235
108
180
49
169
255
191
206
220
231
212
154
117
144
64
63
168
177
116
128
66
73
244
119
233
100
250
193
205
112
218
111
158
120
49
246
90
102
152
210
89
60
254
6
7
82
88
1
202
131
54
83
74
74
12
209
206
219
253
79
163
130
127
138
140
164
208
72
219
51
23
158
223
238
230
190
57
48
218
10
206
30
146
127
68
124
17
79
99
81
94
104
249
124
201
76
70
130
8
120
244
149
192
250
169
51
50
141
111
144
9
1
73
36
174
227
27
250
194
106
2
89
26
127
18
86
202
250
231
134
28
27
162
37
182
69
35
98
18
50
169
165
4
25
237
227
249
139
194
7
150
85
19
220
32
40
120
52
81
11
209
26
72
54
27
87
105
148
64
191
196
82
122
223
60
22
162
179
223
174
142
227
8
174
189
20
234
148
89
136
237
191
239
0
27
208
156
27
1
52
29
164
185
75
66
161
181
5
106
155
150
103
117
248
225
85
187
56
244
59
203
14
28
153
11
101
149
125
76
230
216
27
175
166
85
223
36
204
95
134
144
133
16
76
185
120
147
18
221
57
171
247
109
6
101
158
7
160
120
62
231
36
168
71
73
88
80
189
162
77
137
72
246
158
5
51
58
218
19
244
147
190
211
108
156
208
158
187
155
65
125
106
148
55
103
227
9
190
18
125
71
19
229
77
61
210
251
88
249
255
56
200
249
101
109
41
142
245
160
40
58
2
136
78
197
14
237
243
88
58
233
222
70
125
110
240
32
226
50
215
42
100
115
245
223
40
58
25
114
78
158
45
12
21
143
181
17
25
107
49
24
166
179
83
77
168
112
115
17
25
48
237
45
163
200
43
110
80
169
218
135
105
158
149
255
88
172
35
129
166
94
250
178
65
183
210
91
176
12
164
75
104
95
109
197
180
237
125
117
229
127
191
77
56
157
138
63
174
42
34
82
83
155
6
116
34
91
119
59
102
255
84
67
90
153
99
196
14
101
65
41
53
231
88
232
231
181
185
66
120
254
47
60
69
213
170
14
72
0
171
21
181
28
99
124
133
162
23
69
190
204
133
64
71
167
65
69
201
107
126
43
234
252
197
42
154
220
132
34
180
65
37
139
157
17
25
231
242
215
28
31
113
129
231
167
208
33
46
162
4
97
3
180
37
254
165
145
145
44
75
203
206
230
33
175
208
14
32
34
95
199
110
117
241
98
145
200
43
235
84
32
239
5
204
104
205
145
198
196
56
10
144
194
207
0
72
226
162
166
69
251
31
59
237
20
24
166
72
233
13
47
28
160
15
203
165
132
152
12
245
171
125
87
188
16
226
172
21
58
182
180
30
168
233
159
157
197
24
159
45
18
189
210
107
101
74
22
72
130
21
74
191
69
188
194
146
77
44
25
177
188
30
151
208
70
169
188
15
42
94
172
102
187
90
180
90
58
44
73
6
19
49
252
128
183
140
132
212
147
140
236
243
227
202
15
144
107
110
81
143
223
120
109
153
50
71
83
72
219
131
4
101
210
183
253
142
91
169
49
20
129
63
136
211
192
198
35
232
25
235
37
143
161
206
94
39
246
176
26
37
78
12
206
44
129
201
29
127
254
156
170
202
118
228
178
53
73
150
198
146
6
67
131
62
225
77
131
90
209
190
20
192
78
155
137
221
155
110
53
208
4
68
203
15
84
46
129
26
217
32
34
218
245
101
220
228
84
158
7
254
56
100
61
245
223
207
180
184
186
145
145
221
51
139
184
222
168
224
83
113
182
170
225
215
142
39
60
200
250
192
247
93
52
3
237
195
95
100
122
178
16
76
41
36
204
130
245
253
107
253
142
80
51
126
120
55
101
189
127
221
153
42
141
58
205
196
16
109
205
124
101
120
116
221
204
250
124
220
147
82
38
154
37
149
72
128
99
23
168
129
233
96
188
219
139
100
29
34
166
97
218
222
158
247
110
47
42
100
54
249
137
136
99
16
102
134
252
45
232
193
5
110
68
13
120
135
18
145
251
254
7
81
10
240
58
17
170
6
185
76
197
38
74
110
76
37
122
135
93
171
150
181
18
51
90
254
160
108
62
126
70
238
6
131
164
63
2
194
140
20
253
249
172
28
31
75
15
213
133
183
64
16
233
145
241
245
9
161
12
91
150
179
207
197
27
30
173
234
109
170
68
157
36
13
102
154
89
58
205
188
124
154
70
241
46
250
57
45
25
24
199
63
34
117
221
39
191
52
100
30
220
240
66
148
117
241
37
189
236
181
131
160
24
1
156
54
95
84
32
135
49
0
113
32
170
194
144
229
109
120
33
39
100
208
172
204
137
2
146
237
165
254
177
171
91
129
165
137
18
146
40
43
185
171
141
103
212
76
143
131
242
221
24
212
252
148
20
166
208
73
89
151
114
17
217
196
137
250
223
189
34
105
165
75
241
180
205
233
94
199
188
208
179
227
211
48
12
49
230
194
131
250
10
183
126
27
22
87
162
60
12
74
12
115
48
79
152
198
25
49
203
6
18
43
84
86
89
168
120
18
203
175
204
57
38
119
242
169
145
12
25
251
95
34
61
43
68
22
163
157
0
45
189
187
174
177
149
219
43
113
54
149
89
43
39
68
219
254
61
95
13
240
27
96
154
252
142
87
165
239
58
14
182
184
197
178
21
179
154
179
236
19
137
213
220
219
114
205
20
80
59
139
15
52
87
36
173
31
66
237
171
238
8
152
26
173
189
214
107
78
164
71
9
98
171
133
139
96
229
198
3
8
176
179
98
55
233
86
81
179
99
70
50
157
177
199
82
206
254
81
12
163
92
178
203
84
95
61
165
21
233
75
156
141
159
187
237
159
67
94
13
90
115
177
120
74
234
10
224
34
59
177
168
66
241
38
150
135
218
149
249
112
216
15
129
229
137
20
71
227
220
40
95
207
119
42
191
160
135
127
99
40
136
74
230
106
190
108
140
47
75
56
46
125
62
75
153
20
116
103
53
75
118
235
105
186
111
10
232
133
41
77
174
24
158
212
175
105
172
235
91
230
10
125
11
81
197
143
196
35
155
23
158
113
224
140
248
196
26
221
244
6
182
73
1
241
129
206
169
239
16
55
33
132
186
209
41
21
110
160
19
232
112
189
101
245
197
187
119
226
56
79
8
6
218
214
49
213
124
103
143
14
155
80
48
185
238
179
134
214
129
215
171
30
212
162
246
6
109
131
239
241
208
240
14
196
35
9
150
91
171
12
106
149
78
113
166
249
18
197
37
124
186
82
131
232
220
73
60
49
150
26
108
226
142
220
118
200
184
154
79
139
252
59
97
185
64
14
168
223
148
31
37
107
246
187
106
242
80
132
12
113
252
225
104
123
144
15
72
12
239
20
96
86
154
196
37
82
65
183
196
15
71
173
43
57
143
2
81
137
3
70
245
55
99
228
41
221
161
192
215
201
139
34
87
158
199
98
135
78
29
144
174
211
71
132
127
155
219
170
74
170
248
52
90
192
205
110
90
84
186
35
19
92
97
183
37
5
67
204
22
138
5
8
178
57
176
156
79
65
165
212
245
22
232
36
248
111
136
115
91
181
6
7
185
94
49
133
176
214
224
194
199
21
207
141
201
207
87
41
254
46
253
242
231
35
214
200
99
214
253
219
213
232
65
191
30
221
108
103
109
64
157
148
0
180
41
156
224
83
167
151
63
109
172
96
80
182
109
176
149
120
135
80
90
78
78
154
58
213
107
160
19
218
181
72
115
21
137
148
145
10
35
94
193
18
157
73
231
36
34
200
47
152
62
139
57
144
249
254
144
236
78
231
17
131
116
94
162
248
87
194
14
30
185
208
186
156
42
211
52
71
67
9
74
163
253
225
29
107
124
77
242
204
79
6
41
215
138
129
246
150
212
8
236
37
34
207
157
156
28
127
115
5
220
199
107
26
10
48
66
73
179
203
71
112
183
119
200
4
185
229
9
165
155
40
241
159
216
93
25
101
217
177
191
45
193
174
137
141
209
133
113
20
159
222
16
227
94
61
205
179
134
49
182
54
57
100
110
224
167
80
35
227
199
216
85
165
17
251
133
125
108
92
155
157
171
173
21
204
149
194
151
217
42
195
72
226
155
75
247
17
171
20
101
241
112
49
23
57
46
28
90
184
140
134
130
90
84
41
48
4
116
217
191
121
32
208
182
131
112
153
22
114
45
112
8
172
72
91
34
196
169
140
239
52
255
239
35
21
34
85
239
33
241
23
210
137
160
76
44
125
83
133
97
99
152
35
237
10
11
35
222
164
255
247
25
33
111
63
7
127
58
198
181
179
104
3
114
179
82
146
77
88
194
110
12
60
157
178
4
225
177
121
199
155
79
22
200
90
255
193
75
140
201
181
252
159
175
8
86
107
49
175
66
62
114
44
4
131
95
172
151
45
57
83
75
158
77
145
216
228
199
133
101
194
201
246
187
37
134
100
24
47
162
254
224
112
84
118
91
52
171
210
171
203
135
49
201
80
72
85
52
93
80
195
190
142
23
23
255
254
152
72
36
107
151
70
199
87
42
237
135
57
94
4
183
41
11
68
51
241
36
50
144
110
244
207
250
226
135
74
67
92
15
56
72
130
150
32
220
13
255
144
242
96
124
138
63
189
80
190
164
29
89
55
178
169
129
45
118
60
118
173
30
202
104
143
78
39
8
199
145
33
56
29
65
162
40
112
218
206
133
240
169
68
213
47
160
50
180
252
234
43
66
218
197
42
158
232
246
233
204
153
71
223
206
86
65
241
146
56
156
46
37
193
83
151
229
17
152
233
157
82
127
172
248
29
116
144
201
219
168
234
27
34
85
175
162
189
106
171
140
87
198
131
253
5
14
16
203
92
111
231
9
235
121
45
152
58
92
248
162
222
248
117
220
97
108
49
76
61
155
222
11
244
194
212
155
111
189
46
44
186
46
255
145
179
116
186
88
0
113
143
102
180
155
33
204
108
255
4
227
107
149
66
39
195
156
162
213
239
67
205
100
77
49
13
8
41
42
224
225
189
229
75
242
79
18
80
199
53
39
127
101
129
125
242
54
77
229
55
84
154
148
77
21
244
139
20
214
61
20
22
88
148
242
198
85
152
232
100
161
18
206
90
226
114
32
238
98
56
224
196
23
248
60
182
107
222
124
197
170
226
205
147
59
40
128
67
216
109
116
184
87
48
17
75
92
60
101
77
102
233
109
76
157
3
59
209
242
197
165
117
137
240
6
229
231
76
65
214
123
150
235
195
123
208
209
18
118
170
151
192
246
204
187
112
168
102
136
154
24
63
177
62
28
251
165
52
58
242
208
132
253
188
72
223
167
211
235
250
178
16
251
40
97
175
19
196
111
234
189
120
86
209
211
61
202
130
122
160
81
40
249
63
65
19
24
151
29
235
18
1
146
253
207
178
121
226
154
59
4
200
50
159
194
111
99
175
200
208
106
13
165
175
57
129
158
173
81
210
215
209
29
203
19
64
89
243
24
81
228
224
234
80
38
7
223
79
134
177
172
11
77
147
17
216
50
5
135
254
172
174
162
246
61
106
38
67
2
32
233
168
252
145
68
175
151
131
114
14
137
124
177
132
136
140
183
60
53
40
176
80
59
153
96
12
72
169
28
101
195
62
6
74
168
141
215
225
150
76
206
174
0
121
100
114
33
162
12
95
236
244
131
32
202
4
120
200
150
111
50
42
203
229
51
18
119
244
190
254
116
174
148
91
213
219
226
248
189
45
36
10
176
215
96
204
189
110
208
236
190
100
29
235
68
136
42
220
255
123
83
95
125
236
253
204
168
166
150
112
45
223
214
174
57
68
14
62
227
83
86
181
163
34
67
26
53
235
146
117
103
41
43
206
90
84
168
43
60
197
222
224
212
46
83
63
83
99
250
97
120
251
219
54
95
242
100
161
5
211
54
42
221
228
109
101
40
52
40
137
210
147
181
156
122
253
136
181
236
218
227
163
219
250
194
114
36
84
178
124
58
43
201
164
236
200
199
101
168
109
184
168
219
72
132
26
132
234
57
151
240
84
139
77
106
31
211
109
50
177
147
3
232
240
149
7
39
143
29
101
110
99
29
224
211
15
104
118
111
135
255
107
220
130
79
199
201
160
146
33
195
180
71
195
127
64
71
236
231
1
233
19
149
35
221
73
96
107
206
0
170
67
187
92
125
15
78
130
108
125
93
191
84
76
159
53
143
213
197
220
11
109
232
178
199
36
16
122
137
178
30
53
188
114
189
9
128
180
106
230
144
134
112
219
153
63
126
96
71
83
125
98
168
196
22
3
28
6
24
96
21
19
186
250
83
113
254
164
174
13
124
187
145
160
119
163
159
146
249
16
152
19
192
27
59
235
251
243
164
219
191
200
217
93
240
235
89
228
183
161
54
216
213
191
219
50
136
146
99
152
210
190
107
54
173
31
53
51
142
60
34
129
62
252
177
150
62
209
178
209
150
139
250
104
101
238
218
5
205
182
187
5
237
215
176
203
217
175
142
237
90
188
205
117
128
237
151
32
187
108
20
141
252
140
64
101
69
3
14
254
219
191
251
42
125
141
95
153
198
101
112
76
21
83
113
53
121
239
214
20
91
183
116
160
27
47
109
59
235
155
5
11
67
162
29
36
252
23
65
53
136
136
135
189
63
79
85
11
123
191
206
97
171
73
55
69
185
205
40
130
17
202
156
194
81
70
225
26
204
18
47
7
232
135
95
207
100
110
215
69
224
137
232
108
35
132
54
235
85
106
89
190
18
126
229
209
253
139
218
133
71
32
175
90
185
99
28
107
172
136
247
173
132
79
20
87
62
14
54
156
111
37
85
95
72
190
134
139
71
118
245
211
121
90
227
237
62
34
96
179
163
195
182
83
1
134
75
221
90
167
142
127
254
108
31
168
201
72
205
158
87
227
166
146
190
111
119
63
153
152
10
157
13
237
128
0
249
118
184
230
77
116
92
33
155
80
138
102
155
201
132
247
79
151
251
144
198
179
107
178
234
55
86
78
17
183
125
246
189
117
4
105
222
245
21
228
197
11
23
128
38
169
55
114
37
34
205
51
16
64
83
168
188
231
204
152
181
56
48
155
156
10
124
196
170
193
149
116
85
112
68
11
28
116
207
180
78
87
206
114
177
232
33
103
222
17
176
202
130
158
244
181
165
100
219
107
70
15
154
243
138
191
165
125
190
11
1
187
57
252
9
100
41
26
68
252
128
179
194
31
201
178
135
142
82
182
60
26
12
31
42
178
139
75
156
165
196
224
77
53
114
200
203
167
8
242
15
117
49
185
198
159
71
119
37
83
203
118
203
13
98
184
162
236
191
184
79
205
234
233
152
189
28
255
139
229
84
251
241
232
248
182
84
188
131
22
169
16
233
78
104
210
18
52
232
184
23
5
124
41
127
163
209
208
154
163
104
199
9
157
161
4
249
146
195
62
22
62
197
224
172
180
211
157
155
126
223
74
80
200
140
182
26
142
24
48
31
123
239
181
230
212
36
133
113
18
233
6
87
193
53
227
117
248
49
159
96
72
167
82
195
184
82
15
238
137
162
226
38
105
71
182
39
95
213
229
236
238
207
22
87
237
156
5
137
222
11
35
189
217
92
57
200
75
110
219
108
127
66
88
92
107
179
74
192
50
66
218
211
64
185
165
20
178
183
223
161
14
160
251
187
61
166
120
7
220
9
57
184
69
219
30
208
73
170
86
173
37
218
247
88
160
78
106
245
200
186
160
191
200
91
234
38
246
17
82
186
67
59
142
